{
  "epsilon_result": {
    "f1": 0.9318013502425003,
    "precision": 0.9418574047068438,
    "recall": 0.9219675496755504,
    "TP": 7160.0,
    "TN": 65505.0,
    "FP": 442.0,
    "FN": 606.0,
    "threshold": 0.780009999871254,
    "latency": 43.451472737184716,
    "reg_level": 0.0
  },
  "pot_result": {
    "f1": 0.7056342256600848,
    "precision": 0.9884017606392907,
    "recall": 0.5486737051909945,
    "TP": 4261.0,
    "TN": 65897.0,
    "FP": 50.0,
    "FN": 3505.0,
    "threshold": 0.9647441852561268,
    "latency": 83.27731512602708
  },
  "bf_result": {
    "f1": 0.9395042513583091,
    "precision": 0.9577314058885348,
    "recall": 0.9219675496755504,
    "TP": 7160.0,
    "TN": 65631.0,
    "FP": 316.0,
    "FN": 606.0,
    "threshold": 0.8150000000000006,
    "latency": 49.99983871019771
  }
}