{
  "epsilon_result": {
    "f1": 0.9552748230829995,
    "precision": 0.9588738960056126,
    "recall": 0.9517125921301667,
    "TP": 7391.0,
    "TN": 65630.0,
    "FP": 317.0,
    "FN": 375.0,
    "threshold": 0.6266197264194489,
    "latency": 56.03107490289092,
    "reg_level": 0.0
  },
  "pot_result": {
    "f1": 0.5855430262220752,
    "precision": 0.9895801379418322,
    "recall": 0.41578676227686484,
    "TP": 3229.0,
    "TN": 65913.0,
    "FP": 34.0,
    "FN": 4537.0,
    "threshold": 0.8914679488835002,
    "latency": 63.74960156499022
  },
  "bf_result": {
    "f1": 0.9623933078058066,
    "precision": 0.9575525800413607,
    "recall": 0.9672933286540133,
    "TP": 7512.0,
    "TN": 65614.0,
    "FP": 333.0,
    "FN": 254.0,
    "threshold": 0.6170000000000004,
    "latency": 53.87862461022845
  }
}