{
  "epsilon_result": {
    "f1": 0.9540372233091795,
    "precision": 0.9537966525691163,
    "recall": 0.9542879204812157,
    "TP": 7411.0,
    "TN": 65588.0,
    "FP": 359.0,
    "FN": 355.0,
    "threshold": 0.614626869559288,
    "latency": 45.6561073246646,
    "reg_level": 0.0
  },
  "pot_result": {
    "f1": 0.9061879902039984,
    "precision": 0.9964484234149963,
    "recall": 0.8309296924659675,
    "TP": 6453.0,
    "TN": 65924.0,
    "FP": 23.0,
    "FN": 1313.0,
    "threshold": 0.9302249368773001,
    "latency": 92.45794809188295
  },
  "bf_result": {
    "f1": 0.9622750744372122,
    "precision": 0.9704072266984324,
    "recall": 0.9542879204812157,
    "TP": 7411.0,
    "TN": 65721.0,
    "FP": 226.0,
    "FN": 355.0,
    "threshold": 0.6880000000000005,
    "latency": 52.03108740285186
  }
}