{
  "epsilon_result": {
    "f1": 0.9102122183785881,
    "precision": 0.9705157668239195,
    "recall": 0.8569730874548461,
    "TP": 46873.0,
    "TN": 371465.0,
    "FP": 1424.0,
    "FN": 7823.0,
    "threshold": 0.586961567401886,
    "latency": 170.26957100068094,
    "reg_level": 0.0
  },
  "pot_result": {
    "f1": 0.7523125216701294,
    "precision": 0.999303388860495,
    "recall": 0.6032250986172252,
    "TP": 32994.0,
    "TN": 372866.0,
    "FP": 23.0,
    "FN": 21702.0,
    "threshold": 0.9283867804432965,
    "latency": 252.60364040908246
  },
  "bf_result": {
    "f1": 0.9155229498605879,
    "precision": 0.9836588949834785,
    "recall": 0.8562234896781805,
    "TP": 46832.0,
    "TN": 372111.0,
    "FP": 778.0,
    "FN": 7864.0,
    "threshold": 0.6600000000000005,
    "latency": 209.67708116599812
  }
}