{
  "epsilon_result": {
    "f1": 0.04051171732407596,
    "precision": 0.2928942756864077,
    "recall": 0.021761524566364248,
    "TP": 169.0,
    "TN": 65539.0,
    "FP": 408.0,
    "FN": 7597.0,
    "threshold": 0.5969221442937851,
    "latency": 0.0,
    "reg_level": 0.0
  },
  "pot_result": {
    "f1": 0.004865444927066497,
    "precision": 0.43181808367770824,
    "recall": 0.0024465619334965725,
    "TP": 19.0,
    "TN": 65922.0,
    "FP": 25.0,
    "FN": 7747.0,
    "threshold": 0.9360101108952958,
    "latency": 0.0
  },
  "bf_result": {
    "f1": 0.2522570283834246,
    "precision": 0.2001359925958477,
    "recall": 0.3411022400964432,
    "TP": 2649.0,
    "TN": 55360.0,
    "FP": 10587.0,
    "FN": 5117.0,
    "threshold": 0.1210000000000001,
    "latency": 0.0
  }
}