{
  "epsilon_result": {
    "f1": 0.9064102932657019,
    "precision": 0.9619117977052859,
    "recall": 0.8569730874548461,
    "TP": 46873.0,
    "TN": 371033.0,
    "FP": 1856.0,
    "FN": 7823.0,
    "threshold": 0.5039119496941566,
    "latency": 157.90451126268053,
    "reg_level": 0.0
  },
  "pot_result": {
    "f1": 0.8779918549158673,
    "precision": 0.9991368649545951,
    "recall": 0.7830554335265731,
    "TP": 42830.0,
    "TN": 372852.0,
    "FP": 37.0,
    "FN": 11866.0,
    "threshold": 0.8812047889506622,
    "latency": 289.01942196115607
  },
  "bf_result": {
    "f1": 0.9534598561631021,
    "precision": 0.9115391027327765,
    "recall": 0.9994332307665216,
    "TP": 54665.0,
    "TN": 367584.0,
    "FP": 5305.0,
    "FN": 31.0,
    "threshold": 0.36900000000000027,
    "latency": 132.90888953198555
  }
}