{
  "epsilon_result": {
    "f1": 0.9082312715496091,
    "precision": 0.9642702141410817,
    "recall": 0.8583569394046395,
    "TP": 6666.0,
    "TN": 65700.0,
    "FP": 247.0,
    "FN": 1100.0,
    "threshold": 0.8247093632817268,
    "latency": 47.44426872493065,
    "reg_level": 0.0
  },
  "pot_result": {
    "f1": 0.7657203972638444,
    "precision": 0.9930227765380202,
    "recall": 0.6231006945363112,
    "TP": 4839.0,
    "TN": 65913.0,
    "FP": 34.0,
    "FN": 2927.0,
    "threshold": 0.9581456459106157,
    "latency": 92.54953725231374
  },
  "bf_result": {
    "f1": 0.9310865801173303,
    "precision": 0.9211189504522191,
    "recall": 0.9412825123084181,
    "TP": 7310.0,
    "TN": 65321.0,
    "FP": 626.0,
    "FN": 456.0,
    "threshold": 0.7300000000000005,
    "latency": 45.677272008799974
  }
}