{
  "epsilon_result": {
    "f1": 0.8472243418098642,
    "precision": 0.9683722454572409,
    "recall": 0.7530260098467345,
    "TP": 5848.0,
    "TN": 65756.0,
    "FP": 191.0,
    "FN": 1918.0,
    "threshold": 0.6479314118623734,
    "latency": 62.72392164164951,
    "reg_level": 0.0
  },
  "pot_result": {
    "f1": 0.6856808300242184,
    "precision": 0.9951004385225368,
    "recall": 0.5230491880980567,
    "TP": 4062.0,
    "TN": 65927.0,
    "FP": 20.0,
    "FN": 3704.0,
    "threshold": 0.9149893993395468,
    "latency": 101.88175363674331
  },
  "bf_result": {
    "f1": 0.9571599074701004,
    "precision": 0.9561809291233861,
    "recall": 0.9581509130077892,
    "TP": 7441.0,
    "TN": 65606.0,
    "FP": 341.0,
    "FN": 325.0,
    "threshold": 0.5860000000000004,
    "latency": 46.999853125458976
  }
}