{
  "epsilon_result": {
    "f1": 0.9439066264636842,
    "precision": 0.9778169702179469,
    "recall": 0.9122787770746894,
    "TP": 49898.0,
    "TN": 371757.0,
    "FP": 1132.0,
    "FN": 4798.0,
    "threshold": 0.6348198279738426,
    "latency": 131.30333695832684,
    "reg_level": 0.0
  },
  "pot_result": {
    "f1": 0.7371294448208628,
    "precision": 0.994997047638359,
    "recall": 0.5854175807032658,
    "TP": 32020.0,
    "TN": 372728.0,
    "FP": 161.0,
    "FN": 22676.0,
    "threshold": 0.9510172554271177,
    "latency": 344.09913975215056
  },
  "bf_result": {
    "f1": 0.9667316012870454,
    "precision": 0.9775331300391519,
    "recall": 0.9561759541911334,
    "TP": 52299.0,
    "TN": 371687.0,
    "FP": 1202.0,
    "FN": 2397.0,
    "threshold": 0.6270000000000004,
    "latency": 126.91205804902096
  }
}