{
  "epsilon_result": {
    "f1": 0.895402868687245,
    "precision": 0.9753291243508372,
    "recall": 0.8275925111840733,
    "TP": 45266.0,
    "TN": 371744.0,
    "FP": 1145.0,
    "FN": 9430.0,
    "threshold": 0.7209327518939972,
    "latency": 179.206587574849,
    "reg_level": 0.0
  },
  "pot_result": {
    "f1": 0.7850361517047747,
    "precision": 0.9978009582752181,
    "recall": 0.6470674271158645,
    "TP": 35392.0,
    "TN": 372811.0,
    "FP": 78.0,
    "FN": 19304.0,
    "threshold": 0.8892236659777999,
    "latency": 246.32644937221272
  },
  "bf_result": {
    "f1": 0.9314417986551883,
    "precision": 0.9683319519813085,
    "recall": 0.8972685386687749,
    "TP": 49077.0,
    "TN": 371284.0,
    "FP": 1605.0,
    "FN": 5619.0,
    "threshold": 0.6780000000000005,
    "latency": 175.41907190472273
  }
}