{
  "epsilon_result": {
    "f1": 0.9435950520860088,
    "precision": 0.9210397242262878,
    "recall": 0.9672933286540133,
    "TP": 7512.0,
    "TN": 65303.0,
    "FP": 644.0,
    "FN": 254.0,
    "threshold": 0.5384276807308197,
    "latency": 41.96956978918245,
    "reg_level": 0.0
  },
  "pot_result": {
    "f1": 0.6844016354243053,
    "precision": 0.9948428266334901,
    "recall": 0.5216327575049797,
    "TP": 4051.0,
    "TN": 65926.0,
    "FP": 21.0,
    "FN": 3715.0,
    "threshold": 0.9377483942928838,
    "latency": 84.99952778040122
  },
  "bf_result": {
    "f1": 0.9560851102092798,
    "precision": 0.9451434311208563,
    "recall": 0.9672933286540133,
    "TP": 7512.0,
    "TN": 65511.0,
    "FP": 436.0,
    "FN": 254.0,
    "threshold": 0.6220000000000004,
    "latency": 44.242290174878256
  }
}