{
  "epsilon_result": {
    "f1": 0.9463290903729632,
    "precision": 0.9262638706211297,
    "recall": 0.9672933286540133,
    "TP": 7512.0,
    "TN": 65349.0,
    "FP": 598.0,
    "FN": 254.0,
    "threshold": 0.5476207509636879,
    "latency": 40.333211111481475,
    "reg_level": 0.0
  },
  "pot_result": {
    "f1": 0.778649809181982,
    "precision": 0.9900655652889617,
    "recall": 0.6416430586638642,
    "TP": 4983.0,
    "TN": 65897.0,
    "FP": 50.0,
    "FN": 2783.0,
    "threshold": 0.8672537844849958,
    "latency": 51.74974125129374
  },
  "bf_result": {
    "f1": 0.9532340075493126,
    "precision": 0.9395872408510478,
    "recall": 0.9672933286540133,
    "TP": 7512.0,
    "TN": 65464.0,
    "FP": 483.0,
    "FN": 254.0,
    "threshold": 0.5830000000000004,
    "latency": 40.9695728194763
  }
}