{
  "epsilon_result": {
    "f1": 0.8925216352508537,
    "precision": 0.9857442809181689,
    "recall": 0.815416118031407,
    "TP": 44600.0,
    "TN": 372244.0,
    "FP": 645.0,
    "FN": 10096.0,
    "threshold": 0.6249182224273682,
    "latency": 118.30336017257112,
    "reg_level": 0.0
  },
  "pot_result": {
    "f1": 0.8497020865805284,
    "precision": 0.9983710940820447,
    "recall": 0.7395787624799658,
    "TP": 40452.0,
    "TN": 372823.0,
    "FP": 66.0,
    "FN": 14244.0,
    "threshold": 0.8715981936040513,
    "latency": 198.91447039474383
  },
  "bf_result": {
    "f1": 0.9546041429611744,
    "precision": 0.915983330938973,
    "recall": 0.9966359512584766,
    "TP": 54512.0,
    "TN": 367889.0,
    "FP": 5000.0,
    "FN": 184.0,
    "threshold": 0.3850000000000003,
    "latency": 69.6824290755094
  }
}