{
  "epsilon_result": {
    "f1": 0.9531210182203279,
    "precision": 0.9652713574999718,
    "recall": 0.9412825123084181,
    "TP": 7310.0,
    "TN": 65684.0,
    "FP": 263.0,
    "FN": 456.0,
    "threshold": 0.5739544853568077,
    "latency": 50.67725587981974,
    "reg_level": 0.0
  },
  "pot_result": {
    "f1": 0.7550924369126495,
    "precision": 0.9959924045644539,
    "recall": 0.6080350236826745,
    "TP": 4722.0,
    "TN": 65928.0,
    "FP": 19.0,
    "FN": 3044.0,
    "threshold": 0.8895377681840451,
    "latency": 91.42813605649496
  },
  "bf_result": {
    "f1": 0.964370119187709,
    "precision": 0.9614744644035909,
    "recall": 0.9672933286540133,
    "TP": 7512.0,
    "TN": 65646.0,
    "FP": 301.0,
    "FN": 254.0,
    "threshold": 0.5510000000000004,
    "latency": 47.75743103808776
  }
}