{
  "epsilon_result": {
    "f1": 0.014337951920237456,
    "precision": 0.22562673969010172,
    "recall": 0.007404563403648427,
    "TP": 405.0,
    "TN": 371499.0,
    "FP": 1390.0,
    "FN": 54291.0,
    "threshold": 0.53326316177845,
    "latency": 0.0,
    "reg_level": 0.0
  },
  "pot_result": {
    "f1": 0.0027713417242470153,
    "precision": 0.5066666328888911,
    "recall": 0.00138949831772168,
    "TP": 76.0,
    "TN": 372815.0,
    "FP": 74.0,
    "FN": 54620.0,
    "threshold": 0.8678052255657083,
    "latency": 0.0
  },
  "bf_result": {
    "f1": 0.28741356720409916,
    "precision": 0.1949195056196262,
    "recall": 0.5469869824947003,
    "TP": 29918.0,
    "TN": 249318.0,
    "FP": 123571.0,
    "FN": 24778.0,
    "threshold": 0.07000000000000005,
    "latency": 0.0
  }
}