{
  "epsilon_result": {
    "f1": 0.9211658158223316,
    "precision": 0.9412696290825489,
    "recall": 0.9019123883095815,
    "TP": 49331.0,
    "TN": 369811.0,
    "FP": 3078.0,
    "FN": 5365.0,
    "threshold": 0.6513301134109497,
    "latency": 166.86128175187423,
    "reg_level": 0.0
  },
  "pot_result": {
    "f1": 0.8579995672037819,
    "precision": 0.9773327411078137,
    "recall": 0.7646445808167609,
    "TP": 41823.0,
    "TN": 371919.0,
    "FP": 970.0,
    "FN": 12873.0,
    "threshold": 0.8375032294369403,
    "latency": 159.94516373606592
  },
  "bf_result": {
    "f1": 0.933350367600681,
    "precision": 0.9374089440410495,
    "recall": 0.9293366972119831,
    "TP": 50831.0,
    "TN": 369495.0,
    "FP": 3394.0,
    "FN": 3865.0,
    "threshold": 0.6390000000000005,
    "latency": 181.2421496331066
  }
}